12 
180 
122 
-3 
180 
120 
1 
180 
120 
8 
180 
120 
15 
180 
120 
-74 
180 
120 
-82 
180 
120 
21 
180 
120 
48 
180 
120 
-76 
180 
120 
67 
180 
120 
-60 
180 
120 
-77 
180 
120 
39 
180 
120 
-3 
180 
120 
-49 
180 
120 
-9 
180 
122 
-2 
180 
120 
1 
180 
120 
8 
180 
120 
34 
180 
120 
-57 
180 
120 
-76 
180 
120 
45 
180 
120 
19 
180 
120 
-76 
180 
120 
86 
180 
120 
-58 
180 
120 
-69 
180 
120 
26 
180 
120 
-3 
180 
120 
-31 
180 
120 
-6 
180 
121 
-1 
180 
120 
1 
180 
120 
8 
180 
120 
53 
180 
120 
-57 
180 
120 
-57 
180 
120 
56 
180 
120 
-22 
180 
120 
-35 
180 
120 
70 
180 
120 
-38 
180 
120 
-65 
180 
120 
12 
180 
120 
-13 
180 
120 
2 
180 
120 
-4 
180 
120 
0 
180 
120 
1 
180 
120 
8 
180 
120 
77 
180 
120 
-69 
180 
120 
-57 
180 
120 
42 
180 
120 
-10 
180 
120 
-31 
180 
120 
43 
180 
120 
-4 
180 
120 
-44 
180 
120 
-2 
180 
120 
-17 
180 
120 
-31 
180 
120 
-1 
180 
119 
0 
180 
120 
1 
180 
120 
8 
180 
120 
72 
180 
120 
-41 
180 
120 
-55 
180 
120 
9 
180 
120 
8 
180 
120 
-17 
180 
120 
27 
180 
120 
4 
180 
120 
-47 
180 
120 
-21 
180 
120 
-21 
180 
120 
-63 
180 
120 
0 
180 
119 
-1 
180 
120 
1 
180 
120 
8 
180 
120 
38 
180 
120 
4 
180 
120 
-21 
180 
120 
-8 
180 
120 
1 
180 
120 
-32 
180 
120 
11 
180 
120 
-3 
180 
120 
-8 
180 
120 
-31 
180 
120 
-21 
180 
120 
-66 
180 
120 
0 
180 
118 
-2 
180 
120 
1 
180 
120 
8 
180 
120 
27 
180 
120 
12 
180 
120 
-28 
180 
120 
-17 
180 
120 
-8 
180 
120 
-48 
180 
120 
-14 
180 
120 
0 
180 
120 
6 
180 
120 
-20 
180 
120 
-6 
180 
120 
-89 
180 
120 
-1 
180 
118 
-5 
180 
120 
1 
180 
120 
8 
180 
120 
7 
180 
120 
6 
180 
120 
-11 
180 
120 
-25 
180 
120 
-8 
180 
120 
-66 
180 
120 
-27 
180 
120 
0 
180 
120 
-45 
180 
120 
-17 
180 
120 
5 
180 
120 
-70 
180 
120 
-1 
180 
120 
-6 
180 
120 
1 
180 
120 
8 
180 
120 
-8 
180 
120 
5 
180 
120 
7 
180 
120 
-28 
180 
120 
9 
180 
120 
-77 
180 
120 
-32 
180 
120 
-14 
180 
120 
-85 
180 
120 
-12 
180 
120 
14 
180 
120 
-63 
180 
120 
-2 
180 
122 
-8 
180 
120 
1 
180 
120 
8 
180 
120 
-23 
180 
120 
-3 
180 
120 
-23 
180 
120 
-24 
180 
120 
24 
180 
120 
-77 
180 
120 
-9 
180 
120 
-59 
180 
120 
-78 
180 
120 
-6 
180 
120 
32 
180 
120 
-80 
180 
120 
-4 
180 
122 
-8 
180 
120 
1 
180 
120 
8 
180 
120 
-15 
180 
120 
-33 
180 
120 
-46 
180 
120 
-17 
180 
120 
48 
180 
120 
-82 
180 
120 
23 
180 
120 
-68 
180 
120 
-90 
180 
120 
5 
180 
120 
32 
180 
120 
-68 
180 
120 
-8 
180 
122 
-6 
180 
120 
1 
180 
120 
8 
180 
120 
5 
180 
120 
-55 
180 
120 
-68 
180 
120 
-6 
180 
120 
55 
180 
120 
-87 
180 
120 
56 
180 
120 
-61 
180 
120 
-81 
180 
120 
21 
180 
120 
32 
180 
120 
-55 
180 
120 
-8 
