8 
180 
120 
0 
180 
120 
-20 
180 
120 
-4 
180 
120 
0 
180 
120 
0 
180 
120 
0 
180 
120 
-4 
180 
120 
-18 
180 
120 
12 
180 
120 
47 
180 
120 
-42 
180 
120 
-77 
180 
120 
29 
180 
120 
-14 
180 
120 
-1 
180 
120 
23 
180 
120 
2 
180 
120 
-23 
180 
120 
-2 
180 
120 
-11 
180 
120 
3 
180 
120 
1 
180 
120 
-10 
180 
120 
-10 
180 
120 
-11 
180 
120 
47 
180 
120 
-24 
180 
120 
-49 
180 
120 
19 
180 
120 
-14 
180 
120 
-7 
180 
120 
23 
180 
120 
3 
180 
120 
-18 
180 
120 
5 
180 
120 
-16 
180 
120 
2 
180 
120 
0 
180 
120 
-10 
180 
120 
21 
180 
120 
-99 
180 
120 
33 
180 
120 
-12 
180 
120 
-28 
180 
120 
8 
180 
120 
-9 
180 
120 
0 
180 
120 
30 
180 
120 
3 
180 
120 
-18 
180 
120 
1 
180 
120 
27 
180 
120 
-71 
180 
120 
-48 
180 
120 
24 
180 
120 
25 
180 
120 
-84 
180 
120 
-2 
180 
120 
3 
180 
120 
-8 
180 
120 
3 
180 
120 
-12 
180 
120 
5 
180 
120 
27 
180 
120 
2 
180 
120 
-19 
180 
120 
-3 
180 
120 
38 
180 
120 
-44 
180 
120 
-71 
180 
120 
37 
180 
120 
-19 
180 
120 
-28 
180 
120 
-4 
180 
120 
1 
180 
120 
-5 
180 
120 
0 
180 
120 
-19 
180 
120 
15 
180 
120 
31 
180 
120 
1 
180 
120 
-27 
180 
120 
-2 
180 
120 
43 
180 
120 
-11 
180 
120 
-60 
180 
120 
30 
180 
120 
-28 
180 
120 
-11 
180 
120 
-19 
180 
120 
5 
180 
120 
5 
180 
120 
-9 
180 
120 
-24 
180 
120 
-52 
180 
120 
28 
180 
120 
0 
180 
120 
-22 
180 
120 
5 
180 
120 
15 
180 
120 
7 
180 
120 
-29 
180 
120 
10 
180 
120 
-22 
180 
120 
11 
180 
120 
-24 
180 
120 
0 
180 
120 
18 
180 
120 
-12 
180 
120 
28 
180 
120 
-106 
180 
120 
29 
180 
120 
0 
180 
120 
-24 
180 
120 
0 
180 
120 
2 
180 
120 
10 
180 
120 
-9 
180 
120 
6 
180 
120 
-26 
180 
120 
19 
180 
120 
26 
180 
120 
-67 
180 
120 
-41 
180 
120 
39 
180 
120 
4 
180 
120 
-132 
180 
120 
28 
